function out = voltsToArd(volts)

    %out = 217.99*volts - 3.5876;
    out = 217.99*volts;
    
% ardL = [5,17,45,80,153,309,623,737,877,1010];
% mccL = [.0324,.0948,.2222,.3797,.7204,1.4341,2.8888,3.4196,4.0620,4.6684];
% ardR = [16,33,85,173,349,871,662,783,977,1015];
% mccR = [.0857,.1684,.4078,.8085,1.6286,4.0374,3.0351,3.5875,4.4713,4.6374];
% 
% % plot(mccL,ardL,'bo');
% % hold on;
% % plot(mccR,ardR,'r+');
% 
% plot(cat(2,mccL,mccR),cat(2,ardL,ardR),'o');
